10.742188	-17.14	107.59	0.05
11.718750	-16.95	93.27	0.25
12.695313	-19.66	-45.79	0.19
13.671875	-25.22	-103.47	0.31
14.648438	-33.36	-146.80	0.63
15.625000	-36.40	-170.27	0.55
16.601563	-34.10	-174.35	0.16
17.578125	-29.78	159.67	0.36
18.554688	-24.25	142.87	0.47
19.531250	-21.29	122.09	0.37
20.507813	-15.91	109.90	0.47
21.484375	-14.66	115.73	0.57
22.460938	-16.31	126.31	0.37
23.437500	-16.37	131.15	0.41
24.414063	-12.95	121.48	0.43
25.390625	-11.68	118.79	0.34
26.367188	-12.74	134.35	0.63
27.343750	-12.39	158.67	0.32
28.320313	-13.51	-176.50	0.24
29.296875	-15.44	-149.29	0.12
30.273438	-17.58	-149.48	0.07
31.250000	-16.69	-149.75	0.14
32.226563	-15.43	-145.97	0.41
33.203125	-15.06	-157.49	0.56
34.179688	-14.51	-170.43	0.47
35.156250	-14.02	-178.39	0.73
36.132813	-13.77	177.21	0.59
37.109375	-12.91	174.19	0.61
38.085938	-11.94	169.40	0.56
39.062500	-10.98	164.99	0.73
40.039063	-10.67	162.26	0.84
41.015625	-10.64	158.93	0.77
41.992188	-10.51	155.56	0.89
42.968750	-10.92	153.45	0.89
43.945313	-12.14	151.88	0.80
44.921875	-13.89	151.68	0.63
45.898438	-15.61	153.22	0.56
46.875000	-16.45	155.24	0.72
47.851563	-16.44	157.55	0.84
48.828125	-16.01	159.38	0.85
49.804688	-15.65	160.25	0.91
50.781250	-15.18	160.70	0.97
51.757813	-14.49	160.53	0.96
52.734375	-13.70	159.97	0.85
53.710938	-12.67	159.20	0.85
54.687500	-11.60	157.95	0.85
55.664063	-10.67	156.45	0.93
56.640625	-9.73	154.37	0.88
57.617188	-8.85	151.89	0.88
58.593750	-8.25	149.16	0.97
59.570313	-8.00	146.11	0.97
60.546875	-8.00	142.85	0.95
61.523438	-8.21	139.63	0.95
62.500000	-8.40	136.76	0.90
63.476563	-8.88	135.03	0.92
64.453125	-9.35	133.93	0.91
65.429688	-9.94	133.40	0.91
66.406250	-10.58	133.23	0.92
67.382813	-11.27	133.53	0.94
68.359375	-12.00	134.33	0.93
69.335938	-12.54	135.45	0.95
70.312500	-12.74	136.67	0.96
71.289063	-12.66	137.96	0.96
72.265625	-12.48	139.17	0.96
73.242188	-12.26	140.18	0.98
74.218750	-12.01	141.09	0.98
75.195313	-11.67	141.92	0.98
76.171875	-11.30	142.60	0.99
77.148438	-10.93	143.12	0.99
78.125000	-10.52	143.52	0.99
79.101563	-10.05	143.80	0.99
80.078125	-9.60	143.89	0.99
81.054688	-9.16	143.86	0.99
82.031250	-8.74	143.69	1.00
83.007813	-8.30	143.42	0.99
83.984375	-7.87	143.08	0.99
84.960938	-7.39	142.64	0.99
85.937500	-6.86	142.12	0.99
86.914063	-6.30	141.48	0.99
87.890625	-5.71	140.68	0.99
88.867188	-5.16	139.72	0.99
89.843750	-4.64	138.64	0.99
90.820313	-4.17	137.50	1.00
91.796875	-3.71	136.34	1.00
92.773438	-3.26	135.14	1.00
93.750000	-2.81	133.90	1.00
94.726563	-2.36	132.62	1.00
95.703125	-1.91	131.29	1.00
96.679688	-1.45	129.91	1.00
97.656250	-1.00	128.48	1.00
98.632813	-0.54	126.98	1.00
99.609375	-0.09	125.43	1.00
100.585938	0.37	123.83	1.00
101.562500	0.82	122.19	1.00
102.539063	1.27	120.46	1.00
103.515625	1.71	118.64	1.00
104.492188	2.13	116.77	1.00
105.468750	2.54	114.82	1.00
106.445313	2.93	112.81	1.00
107.421875	3.31	110.72	1.00
108.398438	3.65	108.57	1.00
109.375000	3.97	106.36	0.99
110.351563	4.27	104.09	0.99
111.328125	4.54	101.78	1.00
112.304688	4.77	99.45	1.00
113.281250	4.96	97.08	1.00
114.257813	5.10	94.66	1.00
115.234375	5.17	92.19	0.99
116.210938	5.16	89.70	0.98
117.187500	5.07	87.32	0.99
118.164063	4.91	85.17	0.99
119.140625	4.71	83.22	1.00
120.117188	4.50	81.46	0.99
121.093750	4.29	79.83	1.00
122.070313	4.09	78.27	0.99
123.046875	3.86	76.79	0.99
124.023438	3.62	75.41	1.00
125.000000	3.35	74.16	1.00
125.976563	3.09	73.03	1.00
126.953125	2.82	71.99	0.99
127.929688	2.57	71.08	0.99
128.906250	2.36	70.29	0.98
129.882813	2.19	69.60	0.97
130.859375	2.11	68.95	0.98
131.835938	2.11	68.29	0.99
132.812500	2.16	67.59	1.00
133.789063	2.23	66.85	1.00
134.765625	2.31	66.05	0.99
135.742188	2.41	65.20	0.99
136.718750	2.50	64.27	0.99
137.695313	2.54	63.26	0.99
138.671875	2.48	61.51	0.98
140.625000	2.28	59.56	0.94
142.578125	1.64	57.30	0.94
144.531250	0.77	56.08	0.96
146.484375	-0.22	55.76	0.90
148.437500	-1.14	56.00	0.76
150.390625	-1.34	56.32	0.93
152.343750	-1.08	56.55	0.97
154.296875	-0.48	56.60	0.97
156.250000	0.26	56.31	0.96
158.203125	1.01	55.61	0.97
160.156250	1.69	54.51	0.99
162.109375	2.31	53.07	0.99
164.062500	2.88	51.29	0.99
166.015625	3.35	49.16	0.99
167.968750	3.67	46.76	0.99
169.921875	3.85	44.19	0.99
171.875000	3.85	41.46	0.97
173.828125	3.62	38.81	0.97
175.781250	3.18	36.55	0.98
177.734375	2.64	34.64	0.98
179.687500	2.00	33.03	0.97
181.640625	1.24	31.89	0.96
183.593750	0.46	31.22	0.97
185.546875	-0.20	30.85	0.93
187.500000	-0.68	30.63	0.92
189.453125	-0.97	30.43	0.97
191.406250	-1.23	30.18	0.97
193.359375	-1.50	29.97	0.96
195.312500	-1.79	29.93	0.92
197.265625	-1.98	30.03	0.92
199.218750	-2.01	30.17	0.91
201.171875	-1.88	30.32	0.96
203.125000	-1.66	30.36	0.98
205.078125	-1.41	30.22	0.97
207.031250	-1.16	29.92	0.97
208.984375	-0.99	29.43	0.97
210.937500	-0.90	28.81	0.97
212.890625	-0.89	28.14	0.97
214.843750	-0.97	27.52	0.98
216.796875	-1.14	27.00	0.97
218.750000	-1.37	26.64	0.98
220.703125	-1.59	26.42	0.98
222.656250	-1.81	26.32	0.94
224.609375	-1.97	26.29	0.95
226.562500	-2.12	26.26	0.97
228.515625	-2.26	26.25	0.98
230.468750	-2.42	26.26	0.97
232.421875	-2.60	26.30	0.98
234.375000	-2.81	26.46	0.97
236.328125	-3.05	26.79	0.93
238.281250	-3.23	27.20	0.95
240.234375	-3.34	27.65	0.96
242.187500	-3.43	28.12	0.96
244.140625	-3.50	28.64	0.95
246.093750	-3.53	29.21	0.87
248.046875	-3.43	29.79	0.88
250.000000	-3.20	30.33	0.93
251.953125	-2.92	30.76	0.97
253.906250	-2.61	31.04	0.97
255.859375	-2.30	31.22	0.97
257.812500	-1.97	31.27	0.99
259.765625	-1.65	31.16	0.98
261.718750	-1.34	30.92	0.97
263.671875	-1.06	30.52	0.98
265.625000	-0.83	29.98	0.99
267.578125	-0.67	29.34	0.98
269.531250	-0.59	28.66	0.99
271.484375	-0.58	28.04	0.99
273.437500	-0.64	27.48	0.99
275.390625	-0.74	27.06	0.97
277.343750	-0.89	26.67	0.97
281.250000	-0.96	26.44	0.92
285.156250	-0.88	25.92	0.95
289.062500	-0.79	25.18	0.97
292.968750	-0.89	24.47	0.98
296.875000	-1.09	23.95	0.97
300.781250	-1.38	23.61	0.93
304.687500	-1.52	23.58	0.93
308.593750	-1.53	23.54	0.97
312.500000	-1.54	23.37	0.96
316.406250	-1.62	23.17	0.97
320.312500	-1.80	23.11	0.97
324.218750	-2.01	23.21	0.96
328.125000	-2.23	23.49	0.90
332.031250	-2.43	24.08	0.65
335.937500	-2.46	24.78	0.65
339.843750	-2.21	25.37	0.85
343.750000	-1.97	25.73	0.96
347.656250	-1.83	25.85	0.96
351.562500	-1.70	25.95	0.94
355.468750	-1.51	26.03	0.96
359.375000	-1.23	25.92	0.96
363.281250	-1.00	25.54	0.97
367.187500	-0.88	25.04	0.95
371.093750	-0.91	24.60	0.94
375.000000	-0.93	24.35	0.93
378.906250	-0.84	24.18	0.96
382.812500	-0.68	23.95	0.97
386.718750	-0.44	23.55	0.92
390.625000	-0.25	22.90	0.94
394.531250	-0.16	22.31	0.96
398.437500	-0.06	21.82	0.97
402.343750	0.11	21.30	0.90
406.250000	0.25	20.61	0.95
410.156250	0.32	19.82	0.97
414.062500	0.31	18.97	0.94
417.968750	0.20	18.11	0.96
421.875000	-0.01	17.45	0.97
425.781250	-0.27	16.99	0.91
429.687500	-0.57	16.76	0.76
433.593750	-0.80	16.67	0.87
437.500000	-0.92	16.59	0.95
441.406250	-0.96	16.48	0.94
445.312500	-1.02	16.28	0.97
449.218750	-1.14	16.13	0.97
453.125000	-1.27	16.04	0.96
457.031250	-1.38	16.02	0.96
460.937500	-1.46	16.05	0.96
464.843750	-1.56	16.13	0.91
468.750000	-1.68	16.35	0.71
472.656250	-1.70	16.67	0.75
476.562500	-1.57	16.92	0.90
480.468750	-1.44	17.01	0.96
484.375000	-1.32	16.97	0.96
488.281250	-1.23	16.85	0.91
492.187500	-1.14	16.74	0.78
496.093750	-1.00	16.63	0.93
500.000000	-0.90	16.40	0.92
503.906250	-0.85	16.23	0.88
507.812500	-0.77	16.08	0.86
511.718750	-0.69	15.87	0.94
515.625000	-0.63	15.60	0.98
519.531250	-0.58	15.27	0.98
523.437500	-0.55	14.89	0.96
527.343750	-0.56	14.52	0.97
531.250000	-0.61	14.20	0.95
535.156250	-0.68	13.97	0.87
539.062500	-0.73	13.80	0.89
542.968750	-0.76	13.64	0.90
546.875000	-0.76	13.52	0.89
550.781250	-0.68	13.38	0.93
554.687500	-0.54	13.14	0.97
560.000000	-0.29	12.69	0.94
568.000000	-0.09	11.95	0.91
576.000000	0.17	10.92	0.94
584.000000	0.30	9.55	0.96
592.000000	0.19	8.15	0.98
600.000000	-0.15	7.06	0.96
608.000000	-0.61	6.28	0.95
616.000000	-1.14	5.99	0.83
624.000000	-1.69	6.27	0.84
632.000000	-2.09	6.63	0.88
640.000000	-2.28	7.19	0.93
648.000000	-2.34	7.72	0.97
656.000000	-2.39	8.26	0.96
664.000000	-2.42	8.99	0.83
672.000000	-2.29	9.79	0.85
680.000000	-2.10	10.30	0.88
688.000000	-1.96	10.56	0.94
696.000000	-1.93	10.57	0.97
704.000000	-1.99	10.48	0.97
712.000000	-2.07	10.38	0.93
720.000000	-2.16	10.40	0.92
728.000000	-2.28	10.33	0.94
736.000000	-2.48	10.32	0.94
744.000000	-2.72	10.59	0.82
752.000000	-2.91	11.06	0.96
760.000000	-3.06	11.49	0.97
768.000000	-3.15	11.98	0.96
776.000000	-3.14	12.47	0.95
784.000000	-3.05	12.85	0.90
792.000000	-2.90	13.15	0.93
800.000000	-2.78	13.33	0.98
808.000000	-2.71	13.48	0.98
816.000000	-2.62	13.65	0.97
824.000000	-2.55	13.82	0.93
832.000000	-2.47	14.01	0.96
840.000000	-2.38	14.15	0.96
848.000000	-2.28	14.24	0.95
856.000000	-2.17	14.24	0.97
864.000000	-2.07	14.25	0.93
872.000000	-1.96	14.33	0.88
880.000000	-1.80	14.32	0.87
888.000000	-1.65	14.21	0.88
896.000000	-1.49	14.15	0.93
904.000000	-1.32	14.06	0.94
912.000000	-1.15	14.06	0.74
920.000000	-0.92	14.06	0.93
928.000000	-0.72	13.80	0.96
936.000000	-0.57	13.40	0.95
944.000000	-0.45	12.89	0.94
952.000000	-0.38	12.37	0.93
960.000000	-0.31	11.81	0.97
968.000000	-0.26	11.15	0.95
976.000000	-0.30	10.38	0.86
984.000000	-0.47	9.66	0.79
992.000000	-0.68	9.21	0.85
1000.000000	-0.83	8.81	0.94
1008.000000	-0.98	8.47	0.96
1016.000000	-1.12	8.18	0.97
1024.000000	-1.24	7.91	0.96
1032.000000	-1.38	7.72	0.89
1040.000000	-1.47	7.58	0.77
1048.000000	-1.54	7.42	0.88
1056.000000	-1.66	7.24	0.93
1064.000000	-1.79	7.08	0.96
1072.000000	-1.94	6.86	0.98
1080.000000	-2.12	6.68	0.97
1088.000000	-2.35	6.59	0.95
1096.000000	-2.58	6.64	0.91
1104.000000	-2.81	6.75	0.94
1112.000000	-3.04	6.94	0.96
1120.000000	-3.24	7.22	0.96
1128.000000	-3.39	7.52	0.97
1136.000000	-3.52	7.83	0.96
1144.000000	-3.63	8.17	0.94
1152.000000	-3.70	8.52	0.96
1160.000000	-3.77	8.87	0.98
1168.000000	-3.86	9.22	0.97
1176.000000	-3.99	9.59	0.97
1184.000000	-4.15	10.03	0.97
1192.000000	-4.33	10.58	0.93
1200.000000	-4.51	11.24	0.94
1208.000000	-4.64	11.96	0.92
1216.000000	-4.72	12.71	0.85
1224.000000	-4.74	13.47	0.83
1232.000000	-4.71	14.20	0.86
1240.000000	-4.66	14.89	0.92
1248.000000	-4.61	15.54	0.92
1256.000000	-4.54	16.18	0.89
1264.000000	-4.45	16.80	0.89
1272.000000	-4.35	17.40	0.89
1280.000000	-4.20	17.93	0.91
1288.000000	-4.03	18.35	0.93
1296.000000	-3.88	18.68	0.97
1304.000000	-3.76	18.93	0.97
1312.000000	-3.66	19.15	0.97
1320.000000	-3.58	19.37	0.95
1328.000000	-3.48	19.61	0.96
1336.000000	-3.38	19.79	0.95
1344.000000	-3.31	19.92	0.96
1352.000000	-3.26	20.05	0.94
1360.000000	-3.21	20.22	0.89
1368.000000	-3.13	20.39	0.95
1376.000000	-3.04	20.49	0.96
1384.000000	-2.97	20.54	0.96
1392.000000	-2.94	20.59	0.89
1400.000000	-2.94	20.69	0.77
1408.000000	-2.91	20.79	0.92
1416.000000	-2.89	20.88	0.95
1424.000000	-2.85	20.95	0.95
1432.000000	-2.82	21.00	0.95
1440.000000	-2.80	21.08	0.95
1448.000000	-2.77	21.16	0.93
1456.000000	-2.73	21.26	0.82
1464.000000	-2.65	21.39	0.80
1472.000000	-2.55	21.44	0.87
1480.000000	-2.44	21.40	0.95
1488.000000	-2.36	21.31	0.97
1496.000000	-2.30	21.17	0.98
1504.000000	-2.26	21.01	0.98
1512.000000	-2.23	20.86	0.93
1520.000000	-2.22	20.75	0.90
1528.000000	-2.20	20.66	0.96
1536.000000	-2.19	20.54	0.97
1544.000000	-2.19	20.41	0.98
1552.000000	-2.23	20.27	0.92
1560.000000	-2.30	20.20	0.89
1568.000000	-2.37	20.18	0.95
1576.000000	-2.43	20.19	0.97
1584.000000	-2.46	20.22	0.93
1592.000000	-2.48	20.25	0.91
1600.000000	-2.47	20.27	0.94
1608.000000	-2.45	20.29	0.92
1616.000000	-2.42	20.31	0.93
1624.000000	-2.37	20.32	0.93
1632.000000	-2.30	20.30	0.92
1640.000000	-2.23	20.27	0.92
1648.000000	-2.16	20.18	0.95
1656.000000	-2.12	20.01	0.91
1664.000000	-2.12	19.81	0.94
1672.000000	-2.14	19.66	0.92
1680.000000	-2.17	19.57	0.90
1688.000000	-2.20	19.53	0.92
1696.000000	-2.21	19.52	0.91
1704.000000	-2.22	19.50	0.97
1712.000000	-2.23	19.47	0.90
1720.000000	-2.24	19.46	0.81
1728.000000	-2.23	19.44	0.93
1736.000000	-2.22	19.40	0.94
1744.000000	-2.22	19.31	0.97
1752.000000	-2.24	19.20	0.95
1760.000000	-2.28	19.11	0.93
1768.000000	-2.35	19.07	0.92
1776.000000	-2.40	19.08	0.86
1784.000000	-2.42	19.10	0.76
1792.000000	-2.41	19.11	0.88
1800.000000	-2.40	19.08	0.89
1808.000000	-2.39	19.01	0.86
1816.000000	-2.41	18.95	0.80
1824.000000	-2.42	18.91	0.93
1832.000000	-2.41	18.86	0.94
1840.000000	-2.40	18.80	0.94
1848.000000	-2.40	18.73	0.89
1856.000000	-2.39	18.66	0.87
1866.665649	-2.34	18.51	0.89
1893.332275	-2.27	18.27	0.87
1919.998901	-2.27	17.80	0.83
1946.665527	-2.43	17.80	0.75
1973.332153	-2.49	17.95	0.85
1999.998779	-2.47	17.99	0.83
2026.665405	-2.38	17.92	0.78
2053.332031	-2.36	17.96	0.73
2079.998779	-2.26	17.84	0.91
2106.665527	-2.25	17.44	0.93
2133.332275	-2.36	17.04	0.91
2159.999023	-2.42	16.78	0.79
2186.665771	-2.49	16.33	0.83
2213.332520	-2.61	15.84	0.85
2239.999268	-2.71	15.36	0.90
2266.666016	-2.81	14.88	0.88
2293.332764	-2.94	14.55	0.78
2319.999512	-3.02	14.45	0.80
2346.666260	-3.11	14.20	0.94
2373.333008	-3.29	13.88	0.93
2399.999756	-3.49	13.69	0.90
2426.666504	-3.64	13.51	0.96
2453.333252	-3.82	13.22	0.93
2480.000000	-4.09	13.00	0.93
2506.666748	-4.36	12.99	0.92
2533.333496	-4.59	13.14	0.89
2560.000244	-4.79	13.30	0.89
2586.666992	-4.95	13.42	0.92
2613.333740	-5.17	13.46	0.91
2640.000488	-5.43	13.74	0.89
2666.667236	-5.62	14.10	0.93
2693.333984	-5.80	14.47	0.88
2720.000732	-6.05	14.90	0.78
2746.667480	-6.27	15.52	0.78
2773.334229	-6.39	16.17	0.91
2800.000977	-6.46	16.86	0.91
2826.667725	-6.49	17.57	0.94
2853.334473	-6.52	18.23	0.93
2880.001221	-6.55	18.89	0.92
2906.667969	-6.56	19.56	0.90
2933.334717	-6.50	20.21	0.86
2960.001465	-6.51	20.71	0.72
2986.668213	-6.64	21.35	0.62
3013.334961	-6.68	22.01	0.84
3040.001709	-6.66	22.57	0.87
3066.668457	-6.72	23.08	0.91
3093.335205	-6.85	23.67	0.90
3120.001953	-6.94	24.25	0.90
3146.668701	-6.98	24.73	0.90
3173.335449	-7.02	25.19	0.89
3200.002197	-7.08	25.61	0.87
3226.668945	-7.14	25.99	0.84
3253.335693	-7.15	26.39	0.87
3280.002441	-7.15	26.70	0.80
3306.669189	-7.16	26.88	0.90
3333.335938	-7.24	27.05	0.94
3360.002686	-7.29	27.21	0.97
3386.669434	-7.34	27.29	0.97
3413.336182	-7.42	27.28	0.91
3440.002930	-7.55	27.24	0.83
3466.669678	-7.70	27.31	0.88
3493.336426	-7.82	27.38	0.92
3520.003174	-7.93	27.50	0.96
3546.669922	-8.04	27.64	0.97
3573.336670	-8.15	27.85	0.91
3600.003418	-8.23	28.09	0.86
3626.670166	-8.31	28.28	0.89
3653.336914	-8.42	28.48	0.87
3680.003662	-8.58	28.81	0.65
3706.670410	-8.80	29.37	0.34
3733.337158	-8.98	30.01	0.70
3760.003906	-9.17	30.76	0.76
3786.670654	-9.37	31.78	0.53
3813.337402	-9.53	33.06	0.27
3840.004150	-9.64	34.43	0.55
3866.670898	-9.73	35.74	0.73
3893.337646	-9.85	37.03	0.64
3920.004395	-10.00	38.36	0.59
3946.671143	-10.14	39.91	0.31
3973.337891	-10.23	41.40	0.53
4000.004639	-10.26	42.83	0.54
4026.671387	-10.27	44.23	0.40
4053.338135	-10.22	45.57	0.56
4080.004883	-10.12	46.79	0.78
4106.671387	-10.02	47.84	0.84
4133.337891	-9.94	48.78	0.78
4160.004395	-9.86	49.60	0.61
4186.670898	-9.80	50.32	0.83
4213.337402	-9.76	50.92	0.82
4240.003906	-9.74	51.53	0.77
4266.670410	-9.72	52.19	0.59
4293.336914	-9.66	52.86	0.71
4320.003418	-9.62	53.44	0.90
4346.669922	-9.60	53.94	0.91
4373.336426	-9.59	54.37	0.87
4400.002930	-9.57	54.78	0.90
4426.669434	-9.56	55.12	0.89
4453.335938	-9.59	55.39	0.89
4480.002441	-9.65	55.75	0.86
4506.668945	-9.72	56.25	0.78
4533.335449	-9.75	56.80	0.71
4560.001953	-9.75	57.33	0.87
4586.668457	-9.77	57.85	0.84
4613.334961	-9.81	58.46	0.62
4640.001465	-9.85	59.20	0.38
4666.667969	-9.90	60.03	0.73
4693.334473	-9.98	60.77	0.81
4720.000977	-10.08	61.66	0.78
4746.667480	-10.17	62.63	0.47
4773.333984	-10.24	63.68	0.50
4800.000488	-10.30	64.66	0.64
4826.666992	-10.35	65.70	0.41
4853.333496	-10.35	66.77	0.24
4880.000000	-10.31	67.77	0.56
4906.666504	-10.25	68.63	0.69
4933.333008	-10.20	69.49	0.61
4959.999512	-10.13	70.35	0.51
4986.666016	-10.04	71.21	0.68
5013.332520	-9.93	71.99	0.83
5039.999023	-9.83	72.69	0.65
5066.665527	-9.72	73.33	0.78
5093.332031	-9.60	73.88	0.86
5119.998535	-9.47	74.30	0.93
5146.665039	-9.34	74.56	0.86
5173.331543	-9.25	74.71	0.86
5199.998047	-9.15	74.84	0.72
5226.664551	-9.04	74.93	0.81
5253.331055	-8.96	74.85	0.90
5279.997559	-8.89	74.68	0.90
5306.664063	-8.82	74.47	0.84
5333.330566	-8.74	74.20	0.83
5359.997070	-8.67	73.86	0.90
5386.663574	-8.64	73.44	0.94
5413.330078	-8.62	73.02	0.96
5439.996582	-8.60	72.59	0.89
5466.663086	-8.58	72.13	0.91
5493.329590	-8.56	71.61	0.95
5519.996094	-8.56	71.06	0.94
5546.662598	-8.56	70.52	0.91
5573.329102	-8.55	69.97	0.95
5599.995605	-8.54	69.39	0.96
5626.662109	-8.53	68.76	0.96
5653.328613	-8.53	68.10	0.95
5679.995117	-8.54	67.43	0.91
5706.661621	-8.55	66.76	0.93
5733.328125	-8.55	66.06	0.87
5759.994629	-8.57	65.37	0.87
5786.661133	-8.59	64.74	0.72
5813.327637	-8.59	64.14	0.79
5839.994141	-8.60	63.48	0.90
5866.660645	-8.62	62.78	0.91
5893.327148	-8.63	62.06	0.90
5919.993652	-8.63	61.28	0.83
5946.660156	-8.65	60.48	0.95
5973.326660	-8.67	59.66	0.98
5999.993164	-8.70	58.83	0.97
6026.659668	-8.73	58.01	0.88
6053.326172	-8.77	57.20	0.81
6079.992676	-8.80	56.32	0.94
6106.659180	-8.85	55.36	0.93
6133.325684	-8.91	54.39	0.92
6159.992188	-8.97	53.43	0.86
6186.658691	-9.01	52.43	0.88
6213.325195	-9.08	51.40	0.94
6239.991699	-9.17	50.37	0.88
6266.658203	-9.28	49.38	0.71
6293.324707	-9.40	48.41	0.68
6319.991211	-9.50	47.43	0.91
6346.657715	-9.62	46.46	0.90
6373.324219	-9.74	45.49	0.82
6399.990723	-9.84	44.56	0.55
6426.657227	-9.91	43.59	0.86
6453.323730	-9.99	42.53	0.95
6479.990234	-10.09	41.45	0.96
6506.656738	-10.21	40.39	0.89
6533.323242	-10.33	39.35	0.74
6559.989746	-10.45	38.30	0.90
6586.656250	-10.58	37.26	0.95
6613.322754	-10.71	36.25	0.80
6639.989258	-10.84	35.28	0.56
6666.655762	-10.95	34.27	0.78
6693.322266	-11.06	33.19	0.88
6719.988770	-11.17	32.09	0.94
6746.655273	-11.27	30.98	0.89
6773.321777	-11.36	29.85	0.88
6799.988281	-11.47	28.65	0.85
6826.654785	-11.61	27.45	0.84
6853.321289	-11.76	26.30	0.83
6879.987793	-11.91	25.20	0.69
6906.654297	-12.05	24.09	0.84
6933.320801	-12.20	22.99	0.83
6959.987305	-12.35	21.90	0.84
6986.653809	-12.50	20.81	0.78
7013.320313	-12.63	19.71	0.77
7039.986816	-12.77	18.57	0.90
7066.653320	-12.93	17.45	0.88
7093.319824	-13.11	16.40	0.69
7119.986328	-13.28	15.39	0.59
7146.652832	-13.44	14.32	0.88
7173.319336	-13.60	13.24	0.87
7199.985840	-13.76	12.22	0.77
7226.652344	-13.92	11.24	0.36
7253.318848	-14.06	10.19	0.65
7279.985352	-14.19	9.06	0.65
7306.651855	-14.33	7.92	0.70
7333.318359	-14.48	6.81	0.60
7359.984863	-14.63	5.71	0.20
7386.651367	-14.77	4.56	0.63
7413.317871	-14.93	3.41	0.78
7439.984375	-15.08	2.28	0.55
7466.650879	-15.22	1.10	0.34
7493.317383	-15.33	-0.17	0.72
7519.983887	-15.44	-1.50	0.86
7546.650391	-15.55	-2.86	0.81
7573.316895	-15.65	-4.22	0.72
7599.983398	-15.75	-5.60	0.42
7626.649902	-15.84	-7.06	0.72
7653.316406	-15.92	-8.56	0.77
7679.982910	-16.01	-10.05	0.73
7706.649414	-16.09	-11.56	0.31
7733.315918	-16.14	-13.19	0.55
7759.982422	-16.20	-14.92	0.80
7786.648926	-16.26	-16.66	0.79
7813.315430	-16.33	-18.41	0.72
7839.981934	-16.41	-20.16	0.36
7866.648438	-16.50	-21.99	0.66
7893.314941	-16.59	-23.87	0.54
7919.981445	-16.70	-25.71	0.63
7946.647949	-16.80	-27.63	0.33
7973.314453	-16.91	-29.67	0.36
7999.980957	-17.01	-31.81	0.68
8026.647461	-17.12	-33.99	0.66
8053.313965	-17.22	-36.26	0.64
8079.980469	-17.31	-38.56	0.72
8106.646973	-17.41	-40.99	0.90
8133.313477	-17.52	-43.39	0.88
8159.979980	-17.65	-45.58	0.79
8186.646484	-17.79	-47.67	0.45
8213.313477	-17.94	-49.84	0.48
8239.980469	-18.08	-52.17	0.72
8266.647461	-18.21	-54.53	0.51
8293.314453	-18.32	-57.01	0.44
8319.981445	-18.43	-59.56	0.39
8346.648438	-18.55	-62.22	0.80
8373.315430	-18.69	-64.93	0.84
8399.982422	-18.85	-67.55	0.90
8426.649414	-19.01	-70.11	0.54
8453.316406	-19.17	-72.80	0.67
8479.983398	-19.33	-75.55	0.82
8506.650391	-19.48	-78.29	0.74
8533.317383	-19.63	-81.06	0.40
8559.984375	-19.78	-83.94	0.47
8586.651367	-19.93	-86.99	0.76
8613.318359	-20.08	-90.10	0.90
8639.985352	-20.21	-93.21	0.71
8666.652344	-20.35	-96.31	0.63
8693.319336	-20.47	-99.46	0.92
8719.986328	-20.60	-102.59	0.92
8746.653320	-20.73	-105.60	0.93
8773.320313	-20.86	-108.43	0.72
8799.987305	-21.00	-111.11	0.12
8826.654297	-21.14	-113.79	0.63
8853.321289	-21.28	-116.47	0.67
8879.988281	-21.41	-119.09	0.64
8906.655273	-21.53	-121.63	0.65
8933.322266	-21.65	-124.19	0.83
8959.989258	-21.78	-126.70	0.86
8986.656250	-21.91	-129.00	0.86
9013.323242	-22.05	-131.07	0.75
9039.990234	-22.19	-133.01	0.18
9066.657227	-22.34	-135.02	0.57
9093.324219	-22.49	-136.99	0.78
9119.991211	-22.64	-138.76	0.35
9146.658203	-22.78	-140.48	0.42
9173.325195	-22.92	-142.24	0.79
9199.992188	-23.04	-144.01	0.91
9226.659180	-23.16	-145.66	0.91
9253.326172	-23.28	-147.15	0.70
9279.993164	-23.40	-148.47	0.21
9306.660156	-23.52	-149.77	0.56
9333.327148	-23.63	-151.10	0.65
9359.994141	-23.75	-152.38	0.35
9386.661133	-23.85	-153.64	0.10
9413.328125	-23.95	-155.03	0.58
9439.995117	-24.06	-156.54	0.76
9466.662109	-24.17	-157.95	0.83
9493.329102	-24.28	-159.18	0.60
9519.996094	-24.39	-160.30	0.40
9546.663086	-24.49	-161.48	0.66
9573.330078	-24.59	-162.63	0.78
9600.000977	-24.69	-165.53	0.53
9733.333984	-24.77	-168.79	0.52
9866.666992	-24.80	-172.83	0.36
10000.000000	-24.85	-175.75	0.44
10133.333008	-24.93	-177.17	0.31
10266.666016	-25.05	-178.54	0.39
10399.999023	-25.25	179.35	0.44
10533.332031	-25.42	179.73	0.43
10666.665039	-25.58	-174.61	0.35
10799.998047	-25.71	-160.92	0.29
10933.331055	-25.93	-144.05	0.37
11066.664063	-26.26	-134.85	0.40
11199.997070	-26.53	-130.71	0.32
11333.330078	-26.81	-130.91	0.49
11466.663086	-27.07	-133.49	0.66
11599.996094	-27.40	-137.40	0.63
11733.329102	-27.87	-143.30	0.70
11866.662109	-28.38	-148.24	0.81
11999.995117	-28.96	-153.19	0.85
12133.328125	-29.60	-158.29	0.85
12266.661133	-30.31	-163.02	0.86
12399.994141	-31.14	-167.30	0.86
12533.327148	-32.04	-171.45	0.88
12666.660156	-32.98	-175.13	0.81
12799.993164	-33.87	-178.16	0.81
12933.326172	-34.67	179.80	0.61
13066.659180	-35.34	177.99	0.35
13199.992188	-35.87	176.01	0.11
13333.325195	-36.32	172.77	0.25
13466.658203	-36.59	168.47	0.43
13599.991211	-36.77	163.51	0.49
13733.324219	-37.01	155.85	0.58
13866.657227	-37.26	141.66	0.56
13999.990234	-37.49	109.69	0.60
14133.323242	-37.66	71.11	0.40
14266.656250	-37.71	49.83	0.51
14399.989258	-37.73	37.31	0.74
14533.322266	-37.76	28.68	0.85
14666.655273	-37.79	22.22	0.85
14799.988281	-37.82	16.61	0.89
14933.321289	-37.88	12.09	0.92
15066.654297	-38.00	8.33	0.93
15199.987305	-38.16	5.03	0.88
15333.320313	-38.38	2.18	0.89
15466.653320	-38.58	-0.45	0.83
15599.986328	-38.77	-2.84	0.74
15733.319336	-38.94	-5.00	0.73
15866.652344	-39.01	-7.21	0.82
15999.985352	-39.03	-9.38	0.86
16133.318359	-39.09	-11.37	0.80
16266.651367	-39.14	-13.49	0.78
16399.984375	-39.16	-15.75	0.88
16533.318359	-39.21	-18.37	0.93
16666.652344	-39.29	-21.40	0.90
16799.986328	-39.40	-24.98	0.91
16933.320313	-39.54	-28.91	0.92
17066.654297	-39.75	-32.67	0.70
17199.988281	-40.04	-35.44	0.85
17333.322266	-40.42	-36.35	0.87
17466.656250	-40.79	-36.28	0.83
17599.990234	-41.18	-35.68	0.74
17733.324219	-41.57	-36.16	0.81
17866.658203	-41.97	-38.42	0.81
17999.992188	-42.33	-43.51	0.68
18133.326172	-42.68	-50.81	0.26
18266.660156	-42.96	-59.59	0.09
18399.994141	-43.19	-69.73	0.12
18533.328125	-43.41	-81.05	0.13
18666.662109	-43.61	-91.71	0.41
18799.996094	-43.78	-100.53	0.41
18933.330078	-43.93	-106.97	0.35
19066.664063	-44.04	-112.18	0.33
19199.998047	-44.11	-116.65	0.36
19333.332031	-44.14	-120.37	0.68
19466.666016	-44.12	-123.48	0.77
19600.000000	-44.08	-125.90	0.57
19733.333984	-44.00	-127.66	0.47
19866.667969	-43.94	-128.97	0.65
20000.001953	-43.93	-129.55	0.64
